101
0
0
10
10
20
41
30
100
40
162
50
269
60
452
70
533
80
764
90
1144
100
1515
110
1920
120
2344
130
2790
140
3415
150
3813
160
4650
170
5384
180
6438
190
6842
200
8131
210
9176
220
10027
230
11183
240
12788
250
13848
260
15872
270
17107
280
17264
290
20423
300
22030
310
23306
320
26283
330
29153
340
31184
350
32999
360
35076
370
31879
380
41401
390
44230
400
48884
410
44359
420
45365
430
59302
440
60682
450
64723
460
64151
470
60560
480
78459
490
76606
500
88183
510
87118
520
95005
530
94398
540
103849
550
111063
560
113578
570
106730
580
120081
590
130170
600
124510
610
150968
620
154364
630
158600
640
173528
650
180208
660
177519
670
189863
680
194915
690
199036
700
228214
710
221456
720
226403
730
222437
740
207984
750
258707
760
269495
770
283271
780
289520
790
301256
800
335111
810
318434
820
333091
830
340510
840
363900
850
350838
860
377896
870
382184
880
402280
890
406422
900
435705
910
356857
920
463674
930
476360
940
456437
950
506999
960
542550
970
519941
980
518957
990
560454
1000
576068
