0
0
10
1
20
2
30
2
40
4
50
3
60
4
70
4
80
6
90
5
100
6
110
6
120
6
130
8
140
8
150
7
160
10
170
10
180
10
190
10
200
12
210
11
220
14
230
11
240
15
250
11
260
14
270
14
280
15
290
13
300
13
310
13
320
16
330
17
340
14
350
16
360
18
370
17
380
16
390
21
400
13
410
16
420
18
430
24
440
19
450
22
460
20
470
22
480
22
490
27
500
24
510
22
520
20
530
22
540
20
550
20
560
24
570
27
580
23
590
24
600
18
610
16
620
20
630
24
640
18
650
33
660
28
670
28
680
33
690
28
700
36
710
34
720
34
730
33
740
34
750
33
760
39
770
37
780
37
790
33
800
41
810
35
820
34
830
37
840
47
850
35
860
39
870
32
880
34
890
34
900
39
910
42
920
36
930
46
940
39
950
39
960
37
970
44
980
44
990
46
1000
40
