100
-36
-57
85
-48
-86
-12
86
-70
63
17
-34
7
6
-47
-88
36
-36
96
-82
-39
9
6
67
79
0
-74
-31
25
-19
60
50
44
-97
12
72
93
-99
59
99
40
-24
-35
-53
58
18
-65
-5
58
-68
12
-81
40
94
85
-4
-6
-88
64
95
-31
24
45
-87
4
-65
85
-3
-65
21
-4
51
96
61
74
31
-44
-91
-74
-86
-60
14
-68
56
8
93
-47
78
81
93
74
-50
-5
-4
-60
98
30
-75
-5
41
22
67
-8
-5
5
-57
-74
60
-48
-71
73
-32
42
81
-75
-72
75
-46
82
33
-53
56
60
41
-70
99
39
59
-76
-89
-22
22
78
46
-83
-17
89
-58
-56
-59
-30
93
8
89
75
9
-83
27
62
98
-40
-90
32
-80
27
61
-81
-56
-3
-81
-69
74
17
-91
21
33
-31
-13
75
-11
4
-78
-18
88
-89
-66
-2
-96
60
-40
-97
97
-54
11
93
50
-28
-87
93
45
-92
-99
-3
25
86
94
-65
-45
-19
-90
20
