3010
-100
-92
-100
-87
-100
-81
-100
-79
-100
-63
-100
-58
-100
-34
-100
-28
-100
-8
-100
-3
-100
8
-100
19
-100
21
-100
22
-100
41
-100
46
-100
56
-100
62
-100
79
-99
-99
-99
-63
-99
-40
-99
-39
-99
-23
-99
-8
-99
-3
-99
2
-99
14
-99
15
-99
28
-99
51
-99
81
-98
-98
-98
-96
-98
-78
-98
-73
-98
-45
-98
-37
-98
47
-98
60
-98
65
-98
76
-98
76
-98
79
-98
88
-98
92
-97
-61
-97
-50
-97
-49
-97
-48
-97
-42
-97
-42
-97
-41
-97
-7
-97
-2
-97
3
-97
8
-97
26
-97
32
-97
42
-97
62
-97
66
-97
67
-97
73
-97
84
-97
99
-96
-83
-96
-27
-96
-22
-96
-18
-96
-12
-96
11
-96
44
-96
56
-96
75
-96
81
-96
92
-95
-83
-95
-58
-95
-57
-95
-29
-95
-17
-95
-12
-95
3
-95
27
-95
69
-95
77
-95
80
-95
81
-95
81
-95
90
-95
94
-95
97
-94
-90
-94
-81
-94
-81
-94
-75
-94
-48
-94
-37
-94
-35
-94
-31
-94
6
-94
7
-94
10
-94
28
-94
60
-94
68
-94
69
-94
73
-94
79
-94
82
-93
-95
-93
-93
-93
-57
-93
-54
-93
-47
-93
-37
-93
-34
-93
-24
-93
-13
-93
28
-93
28
-93
80
-93
81
-93
97
-92
-67
-92
-31
-92
-3
-92
18
-92
19
-92
30
-92
32
-92
32
-92
43
-92
48
-92
53
-92
61
-92
87
-92
88
-91
-81
-91
-79
-91
-32
-91
-27
-91
-18
-91
-13
-91
-10
-91
19
-91
29
-91
35
-91
36
-91
39
-91
49
-91
58
-91
68
-91
70
-91
71
-91
71
-90
-66
-90
-64
-90
-54
-90
-52
-90
-34
-90
-5
-90
-2
-90
4
-90
20
-90
31
-90
31
-90
35
-90
46
-90
56
-90
76
-90
90
-89
-99
-89
-97
-89
-89
-89
-61
-89
-48
-89
-43
-89
-35
-89
-31
-89
-24
-89
-18
-89
14
-89
17
-89
19
-89
62
-89
94
-88
-97
-88
-79
-88
-25
-88
-9
-88
0
-88
16
-88
23
-88
28
-88
53
-88
79
-87
-95
-87
-93
-87
-74
-87
-53
-87
-16
-87
0
-87
26
-87
27
-87
39
-87
50
-87
55
-87
90
-87
91
-87
93
-86
-73
-86
-59
-86
-58
-86
-54
-86
-42
-86
-21
-86
-16
-86
-12
-86
-3
-86
31
-85
-85
-85
-80
-85
-77
-85
-64
-85
-52
-85
-33
-85
-18
-85
-13
-85
5
-85
34
-85
54
-85
58
-85
59
-85
61
-85
65
-85
79
-85
89
-85
91
-85
94
-85
97
-84
-75
-84
-66
-84
-65
-84
-55
-84
-34
-84
-22
-84
-12
-84
6
-84
34
-84
43
-84
46
-84
69
-84
80
-83
-100
-83
-96
-83
-88
-83
-28
-83
4
-83
12
-83
31
-83
57
-83
65
-83
84
-83
93
-83
96
-82
-99
-82
-90
-82
-78
-82
-57
-82
-53
-82
-52
-82
-26
-82
-10
-82
-4
-82
12
-82
20
-82
27
-82
28
-82
39
-82
41
-82
42
-82
61
-82
63
-82
84
-81
-91
-81
-80
-81
-71
-81
-71
-81
-30
-81
-7
-81
-2
-81
1
-81
32
-81
50
-81
57
-81
62
-80
-92
-80
-62
-80
-58
-80
-22
-80
-14
-80
-11
-80
-11
-80
-10
-80
9
-80
17
-80
19
-80
23
-80
62
-80
73
-79
-84
-79
-66
-79
-59
-79
-57
-79
-54
-79
-53
-79
-49
-79
-42
-79
-7
-79
3
-79
6
-79
15
-79
19
-79
36
-79
41
-79
86
-78
-67
-78
-65
-78
-57
-78
-41
-78
-28
-78
-15
-78
6
-78
10
-78
11
-78
19
-78
22
-78
27
-78
49
-78
62
-78
96
-77
-92
-77
-87
-77
-83
-77
-27
-77
-19
-77
-10
-77
-2
-77
28
-77
34
-77
51
-77
71
-77
71
-77
78
-77
80
-77
95
-76
-88
-76
-87
-76
-66
-76
-62
-76
-61
-76
-59
-76
-57
-76
-47
-76
-18
-76
0
-76
31
-76
33
-76
40
-76
46
-76
48
-76
49
-76
53
-76
58
-75
-82
-75
-77
-75
-70
-75
-45
-75
-3
-75
18
-75
20
-75
22
-75
24
-75
56
-74
-75
-74
-74
-74
-57
-74
-41
-74
-35
-74
-3
-74
13
-74
18
-74
19
-74
20
-74
54
-74
66
-74
67
-74
77
-74
79
-74
79
-73
-57
-73
-33
-73
-24
-73
8
-73
44
-73
63
-73
83
-72
-81
-72
-67
-72
-56
-72
-55
-72
-49
-72
-41
-72
-29
-72
8
-72
19
-72
21
-72
28
-72
29
-72
30
-72
33
-72
33
-72
61
-71
-98
-71
-85
-71
-30
-71
-30
-71
-16
-71
-8
-71
-6
-71
-3
-71
22
-71
31
-71
33
-71
34
-71
34
-71
58
-71
59
-71
61
-71
70
-70
-94
-70
-93
-70
-73
-70
-38
-70
-27
-70
-17
-70
-15
-70
-8
-70
21
-70
30
-70
53
-70
62
-70
64
-70
88
-70
91
-70
94
-70
98
-69
-93
-69
-82
-69
-77
-69
-61
-69
-53
-69
-51
-69
-33
-69
-24
-69
-12
-69
14
-69
18
-69
30
-69
33
-69
50
-69
78
-69
83
-68
-98
-68
-98
-68
-84
-68
-75
-68
-64
-68
-53
-68
-46
-68
-45
-68
-28
-68
-21
-68
-14
-68
-11
-68
-1
-68
14
-68
31
-68
42
-68
45
-68
48
-68
54
-68
76
-68
88
-68
99
-67
-99
-67
-83
-67
-66
-67
-48
-67
-40
-67
-32
-67
-27
-67
-22
-67
-14
-67
3
-67
22
-67
23
-67
32
-67
45
-67
48
-67
68
-67
90
-66
-98
-66
-96
-66
-88
-66
-52
-66
-14
-66
-2
-66
1
-66
3
-66
14
-66
41
-66
74
-65
-88
-65
-80
-65
-76
-65
-75
-65
-45
-65
-35
-65
7
-65
34
-65
67
-65
67
-65
77
-65
78
-64
-83
-64
-66
-64
-64
-64
-64
-64
-46
-64
-40
-64
-40
-64
-28
-64
-23
-64
-21
-64
-3
-64
-2
-64
9
-64
13
-64
76
-64
82
-64
83
-64
95
-63
-90
-63
-87
-63
-77
-63
-64
-63
-46
-63
-33
-63
-26
-63
-13
-63
22
-63
30
-63
47
-63
48
-63
73
-63
73
-63
77
-63
81
-63
83
-63
95
-62
-96
-62
-71
-62
-62
-62
-59
-62
-48
-62
-47
-62
-47
-62
-31
-62
-30
-62
-27
-62
-27
-62
-23
-62
10
-62
47
-62
63
-62
84
-62
92
-62
99
-61
-79
-61
-77
-61
-56
-61
-33
-61
-28
-61
-27
-61
-16
-61
-4
-61
-2
-61
7
-61
26
-61
38
-61
43
-61
46
-61
53
-61
70
-61
72
-61
79
-61
92
-60
-94
-60
-85
-60
-61
-60
-53
-60
-46
-60
-32
-60
3
-60
12
-60
24
-60
35
-60
37
-60
57
-60
82
-60
86
-59
-74
-59
-72
-59
-33
-59
-27
-59
-18
-59
1
-59
12
-59
49
-59
64
-59
75
-59
79
-59
86
-58
-93
-58
-85
-58
-74
-58
-58
-58
-55
-58
-47
-58
-17
-58
9
-58
20
-58
29
-58
47
-58
56
-58
76
-58
97
-57
-80
-57
-58
-57
-42
-57
-38
-57
-27
-57
-25
-57
-12
-57
7
-57
25
-57
28
-57
56
-57
98
-57
98
-56
-97
-56
-94
-56
-94
-56
-87
-56
-87
-56
-59
-56
-44
-56
-22
-56
5
-56
11
-56
33
-56
45
-56
76
-56
76
-56
77
-56
99
-55
-98
-55
-90
-55
-78
-55
-77
-55
-62
-55
-43
-55
-43
-55
-36
-55
-27
-55
-15
-55
5
-55
19
-55
21
-55
26
-55
36
-55
48
-55
69
-55
84
-55
99
-54
-61
-54
-57
-54
-46
-54
-20
-54
-16
-54
28
-54
37
-54
38
-54
41
-54
41
-54
46
-54
51
-54
54
-54
56
-54
66
-54
97
-54
98
-53
-100
-53
-92
-53
-86
-53
-73
-53
-64
-53
-36
-53
-30
-53
-6
-53
1
-53
9
-53
25
-53
33
-53
43
-53
43
-53
44
-53
46
-53
57
-53
77
-52
-84
-52
-75
-52
-15
-52
0
-52
3
-52
12
-52
16
-52
28
-52
33
-52
73
-52
86
-52
88
-52
91
-51
-77
-51
-63
-51
-62
-51
-58
-51
-21
-51
-21
-51
32
-51
32
-51
32
-51
36
-51
42
-51
45
-51
98
-51
99
-50
-74
-50
-67
-50
-56
-50
-25
-50
-23
-50
-14
-50
-8
-50
-3
-50
5
-50
18
-50
18
-50
25
-50
26
-50
41
-50
47
-50
52
-50
66
-49
-31
-49
-14
-49
-14
-49
-7
-49
-4
-49
2
-49
11
-49
25
-49
28
-49
28
-49
42
-49
58
-49
64
-49
65
-49
79
-49
85
-49
87
-49
91
-48
-87
-48
-24
-48
0
-48
34
-48
42
-48
88
-47
-91
-47
-90
-47
-74
-47
-67
-47
-25
-47
-14
-47
26
-47
32
-47
66
-47
71
-47
85
-47
94
-46
-87
-46
-80
-46
-79
-46
-39
-46
-34
-46
-25
-46
-19
-46
3
-46
5
-46
26
-46
47
-46
53
-46
55
-46
62
-46
65
-46
74
-45
-69
-45
-69
-45
-55
-45
-36
-45
-36
-45
-23
-45
-13
-45
-7
-45
11
-45
59
-45
78
-45
79
-45
87
-44
-95
-44
-92
-44
-72
-44
-49
-44
-35
-44
-34
-44
-13
-44
24
-44
26
-44
27
-44
43
-44
45
-44
74
-44
77
-44
85
-44
86
-44
96
-44
98
-43
-100
-43
-73
-43
-73
-43
-72
-43
-71
-43
-62
-43
-50
-43
-42
-43
-35
-43
-15
-43
-2
-43
6
-43
22
-43
23
-43
44
-43
52
-43
55
-43
60
-43
60
-43
86
-43
91
-43
100
-42
-99
-42
-77
-42
-72
-42
-63
-42
-52
-42
-45
-42
-25
-42
-21
-42
22
-42
22
-42
34
-42
39
-42
44
-42
73
-42
74
-42
79
-42
79
-41
-85
-41
-83
-41
-70
-41
-55
-41
-50
-41
-6
-41
-3
-41
-3
-41
16
-41
19
-41
24
-41
31
-41
36
-41
42
-41
73
-41
96
-40
-99
-40
-99
-40
-89
-40
-76
-40
-67
-40
-40
-40
10
-40
12
-40
14
-40
14
-40
33
-40
37
-40
47
-40
64
-40
87
-40
90
-40
96
-39
-67
-39
-64
-39
-62
-39
-55
-39
-41
-39
-37
-39
-7
-39
-5
-39
-2
-39
2
-39
6
-39
35
-39
75
-39
82
-39
88
-39
93
-38
-97
-38
-82
-38
-78
-38
-77
-38
-75
-38
-52
-38
-32
-38
-26
-38
4
-38
5
-38
11
-38
14
-38
17
-38
24
-38
43
-38
44
-38
60
-38
94
-38
97
-37
-86
-37
-79
-37
-77
-37
-75
-37
-70
-37
-56
-37
-1
-37
2
-37
12
-37
34
-37
57
-37
74
-36
-95
-36
-82
-36
-79
-36
-77
-36
-55
-36
-54
-36
-49
-36
-41
-36
-27
-36
0
-36
8
-36
12
-36
19
-36
23
-36
38
-36
47
-36
53
-36
55
-36
95
-35
-77
-35
-61
-35
-37
-35
-36
-35
-18
-35
39
-35
46
-35
89
-34
-98
-34
-98
-34
-76
-34
-66
-34
-62
-34
-54
-34
-48
-34
-43
-34
-36
-34
-27
-34
-23
-34
-21
-34
-15
-34
-2
-34
15
-34
48
-34
56
-34
69
-34
74
-34
80
-34
100
-33
-93
-33
-84
-33
-80
-33
-28
-33
-14
-33
5
-33
15
-33
26
-33
27
-33
42
-33
46
-33
57
-33
67
-33
98
-32
-98
-32
-95
-32
-86
-32
-55
-32
-43
-32
-3
-32
10
-32
24
-32
55
-32
78
-32
80
-32
95
-32
100
-31
-96
-31
-94
-31
-76
-31
-52
-31
-32
-31
-29
-31
-10
-31
1
-31
18
-31
33
-31
42
-31
46
-31
55
-31
70
-31
86
-30
-52
-30
-46
-30
-44
-30
-32
-30
-3
-30
5
-30
11
-30
12
-30
26
-30
49
-30
58
-30
65
-30
68
-30
76
-30
77
-30
98
-29
-59
-29
-45
-29
-25
-29
-10
-29
-3
-29
38
-29
49
-29
50
-29
52
-29
76
-29
90
-29
94
-28
-86
-28
-82
-28
-78
-28
-77
-28
-67
-28
-49
-28
-48
-28
-48
-28
-40
-28
-37
-28
-11
-28
13
-28
13
-28
30
-28
34
-28
41
-28
50
-28
59
-28
61
-28
87
-28
88
-28
99
-27
-94
-27
-88
-27
-83
-27
-70
-27
-58
-27
-56
-27
-44
-27
-17
-27
-15
-27
21
-27
23
-27
76
-27
76
-27
87
-27
92
-26
-91
-26
-64
-26
-48
-26
-40
-26
-29
-26
-23
-26
-12
-26
-10
-26
-10
-26
-5
-26
18
-26
29
-26
60
-26
89
-25
-86
-25
-54
-25
-24
-25
-19
-25
8
-25
27
-25
59
-25
65
-25
100
-24
-92
-24
-82
-24
-61
-24
-57
-24
-40
-24
-6
-24
30
-24
33
-24
43
-24
58
-24
76
-24
78
-24
100
-23
-84
-23
-84
-23
-74
-23
-37
-23
-30
-23
-1
-23
1
-23
22
-23
27
-23
35
-23
54
-23
85
-22
-95
-22
-92
-22
-87
-22
-75
-22
-58
-22
-49
-22
-47
-22
14
-22
19
-22
25
-22
28
-22
33
-22
34
-22
35
-22
42
-22
98
-21
-49
-21
-44
-21
-38
-21
-35
-21
-12
-21
-10
-21
5
-21
8
-21
8
-21
18
-21
22
-21
32
-21
45
-21
70
-21
74
-21
93
-21
98
-20
-100
-20
-97
-20
-66
-20
-49
-20
-45
-20
-36
-20
-15
-20
0
-20
5
-20
8
-20
36
-20
54
-20
62
-20
67
-20
74
-20
84
-20
98
-19
-55
-19
-55
-19
-54
-19
-48
-19
-47
-19
-37
-19
-32
-19
-29
-19
-2
-19
-2
-19
83
-19
85
-19
98
-18
-99
-18
-96
-18
-83
-18
-75
-18
-72
-18
-51
-18
-31
-18
-1
-18
1
-18
5
-18
8
-18
17
-18
51
-18
66
-18
78
-18
94
-17
-98
-17
-63
-17
-36
-17
-19
-17
-2
-17
27
-17
32
-17
49
-17
55
-17
74
-17
98
-16
-94
-16
-89
-16
-87
-16
-67
-16
-62
-16
-56
-16
-46
-16
-25
-16
-19
-16
-14
-16
19
-16
43
-16
65
-16
69
-16
72
-16
87
-16
88
-15
-95
-15
-80
-15
-71
-15
-70
-15
-58
-15
-50
-15
-40
-15
-36
-15
-36
-15
-27
-15
-15
-15
-6
-15
2
-15
18
-15
31
-15
45
-15
87
-15
88
-14
-79
-14
-69
-14
-66
-14
-33
-14
-26
-14
6
-14
17
-14
36
-14
72
-14
81
-14
82
-13
-87
-13
-85
-13
-79
-13
-63
-13
-62
-13
-57
-13
-51
-13
-39
-13
-39
-13
-17
-13
-1
-13
4
-13
23
-13
28
-13
35
-13
44
-13
46
-13
69
-13
73
-13
83
-13
87
-13
100
-12
-89
-12
-87
-12
-85
-12
-82
-12
-76
-12
-75
-12
-66
-12
-63
-12
-1
-12
5
-12
13
-12
64
-11
-73
-11
-52
-11
-27
-11
-23
-11
-14
-11
1
-11
19
-11
19
-11
23
-11
37
-11
49
-11
81
-11
81
-11
86
-10
-90
-10
-83
-10
-81
-10
-56
-10
-45
-10
-17
-10
-14
-10
-12
-10
0
-10
1
-10
32
-10
32
-10
34
-10
57
-10
64
-10
94
-10
95
-9
-86
-9
-80
-9
-68
-9
-50
-9
-34
-9
-28
-9
-6
-9
2
-9
5
-9
56
-9
56
-9
72
-9
76
-9
96
-8
-98
-8
-91
-8
-85
-8
-80
-8
-56
-8
-53
-8
-51
-8
-50
-8
-47
-8
-45
-8
-41
-8
-29
-8
9
-8
68
-8
71
-8
75
-8
95
-7
-89
-7
-89
-7
-68
-7
-46
-7
-38
-7
-20
-7
-10
-7
46
-7
50
-7
66
-7
87
-6
-93
-6
-90
-6
-79
-6
-72
-6
-58
-6
-32
-6
-18
-6
7
-6
11
-6
18
-6
47
-6
48
-6
49
-6
53
-6
61
-6
80
-5
-100
-5
-99
-5
-56
-5
-45
-5
-8
-5
7
-5
11
-5
23
-5
46
-5
51
-5
65
-5
100
-4
-90
-4
-80
-4
-20
-4
-3
-4
-1
-4
4
-4
11
-4
12
-4
44
-4
50
-4
52
-4
56
-4
79
-4
87
-4
95
-4
100
-3
-100
-3
-86
-3
-73
-3
-71
-3
-60
-3
-41
-3
-28
-3
-25
-3
-25
-3
-18
-3
-4
-3
10
-3
44
-3
51
-3
72
-3
87
-2
-99
-2
-85
-2
-68
-2
-66
-2
-62
-2
-62
-2
-53
-2
-47
-2
-35
-2
-17
-2
-15
-2
3
-2
8
-2
13
-2
39
-2
53
-2
54
-2
57
-2
60
-2
65
-2
86
-2
92
-2
97
-1
-95
-1
-81
-1
-75
-1
-64
-1
-45
-1
-16
-1
-12
-1
-3
-1
-1
-1
23
-1
31
-1
40
-1
87
0
-98
0
-80
0
-75
0
-71
0
-65
0
-63
0
-56
0
-52
0
-43
0
-9
0
5
0
34
0
58
0
81
0
97
1
-98
1
-92
1
-28
1
-22
1
9
1
12
1
27
1
47
1
52
1
53
1
74
2
-55
2
-40
2
-39
2
-30
2
-18
2
3
2
22
2
45
2
56
2
68
2
85
2
97
3
-68
3
-58
3
-50
3
-49
3
19
3
46
3
67
3
73
3
89
4
-97
4
-95
4
-91
4
-87
4
-34
4
-10
4
2
4
5
4
16
4
19
4
26
4
77
4
82
4
87
4
94
4
96
4
98
5
-100
5
-71
5
-64
5
-47
5
-8
5
-2
5
4
5
8
5
24
5
24
5
60
5
71
6
-94
6
-83
6
-79
6
-77
6
-42
6
-27
6
-20
6
-20
6
33
6
53
6
94
6
95
6
100
7
-88
7
-80
7
-74
7
-47
7
-13
7
-6
7
-4
7
0
7
10
7
18
7
28
7
31
7
33
7
58
7
59
7
61
7
82
7
82
7
88
7
95
8
-93
8
-88
8
-80
8
-45
8
-18
8
-17
8
-14
8
31
8
36
8
42
8
44
8
50
8
56
8
62
8
64
8
64
8
78
9
-98
9
-85
9
-80
9
-43
9
-13
9
0
9
3
9
20
9
33
9
34
9
53
9
81
9
91
10
-98
10
-98
10
-96
10
-90
10
-84
10
-36
10
-33
10
-17
10
-1
10
28
10
51
10
74
10
80
11
-99
11
-96
11
-77
11
-75
11
-49
11
-29
11
-28
11
-25
11
-7
11
0
11
83
12
-92
12
-89
12
-77
12
-49
12
-25
12
-19
12
-19
12
10
12
30
12
35
12
56
12
94
12
95
13
-68
13
-67
13
-37
13
-7
13
0
13
4
13
19
13
19
13
31
13
42
13
70
13
73
13
77
13
87
13
87
14
-6
14
11
14
45
14
62
14
90
15
-98
15
-57
15
-54
15
-48
15
-41
15
-39
15
-33
15
-23
15
-23
15
-3
15
5
15
13
15
23
15
34
15
37
15
45
15
90
16
-31
16
-21
16
-17
16
-11
16
-9
16
10
16
19
16
25
16
41
16
43
16
51
16
73
16
80
17
-96
17
-84
17
-67
17
-62
17
-54
17
-49
17
-41
17
-40
17
-19
17
-15
17
8
17
15
17
45
17
53
17
85
17
91
17
100
18
-91
18
-90
18
-83
18
-57
18
-51
18
-50
18
-25
18
6
18
25
18
35
18
58
18
58
18
70
18
79
18
87
18
87
18
91
19
-89
19
-79
19
-73
19
-50
19
-20
19
-16
19
-3
19
0
19
23
19
24
19
53
19
58
19
62
19
82
19
87
20
-96
20
-95
20
-91
20
-74
20
-55
20
-53
20
-42
20
-39
20
-39
20
-22
20
11
20
13
20
22
20
30
20
37
20
43
20
50
20
56
20
98
21
-97
21
-55
21
-9
21
-3
21
24
21
41
21
48
21
51
21
72
21
85
21
86
22
-82
22
-71
22
-55
22
-32
22
-12
22
-3
22
36
22
41
22
47
22
82
23
-99
23
-60
23
-52
23
-48
23
-39
23
-19
23
11
23
24
23
25
23
41
23
53
23
65
23
65
23
78
23
98
24
-77
24
-40
24
-32
24
-15
24
-8
24
7
24
13
24
15
24
17
24
22
24
33
24
37
24
46
24
64
24
73
24
82
24
99
25
-95
25
-92
25
-81
25
-77
25
-73
25
-56
25
-45
25
-43
25
-24
25
-8
25
-8
25
-2
25
20
25
20
25
22
25
30
25
49
25
52
25
70
25
75
25
96
26
-91
26
-81
26
-79
26
-57
26
-47
26
-42
26
-37
26
-34
26
-34
26
-27
26
-22
26
-21
26
-14
26
-1
26
2
26
9
26
14
26
17
26
24
26
25
26
40
26
70
26
75
26
84
26
86
27
-100
27
-67
27
-63
27
-50
27
-45
27
-39
27
-25
27
-19
27
-18
27
-17
27
-11
27
-10
27
3
27
23
27
35
27
39
27
41
27
65
27
94
28
-24
28
-22
28
-20
28
-8
28
35
28
40
28
52
28
57
28
80
28
95
29
-84
29
-56
29
-54
29
-30
29
-21
29
-15
29
-9
29
-4
29
-3
29
9
29
15
29
29
29
45
29
62
29
75
29
98
29
100
30
-90
30
-71
30
-21
30
-7
30
7
30
16
30
74
30
81
31
-95
31
-88
31
-39
31
-38
31
1
31
3
31
5
31
23
31
31
31
41
31
43
31
44
31
49
31
51
31
67
31
73
31
79
31
87
32
-99
32
-93
32
-75
32
-71
32
-70
32
-49
32
-29
32
-23
32
8
32
79
32
95
33
-97
33
-94
33
-83
33
-64
33
-58
33
-41
33
-34
33
-4
33
10
33
22
33
30
33
43
33
52
33
73
33
74
33
75
33
77
33
87
33
90
34
-99
34
-78
34
-78
34
-77
34
-74
34
-58
34
-54
34
-37
34
-37
34
-23
34
-22
34
-5
34
24
34
32
34
42
34
47
34
60
34
71
34
90
35
-100
35
-86
35
-84
35
-80
35
-70
35
-65
35
-44
35
-43
35
-36
35
-34
35
-34
35
-33
35
-28
35
-13
35
9
35
17
35
20
35
21
35
29
35
58
35
85
35
94
35
94
35
97
36
-81
36
-63
36
-57
36
-31
36
-26
36
-15
36
-12
36
-6
36
-3
36
19
36
38
36
40
36
59
37
-80
37
-75
37
-72
37
-62
37
-47
37
-46
37
-45
37
25
37
74
37
94
38
-44
38
-10
38
1
38
35
38
49
38
70
38
83
38
85
38
89
39
-61
39
-60
39
-32
39
-13
39
2
39
4
39
13
39
18
39
25
39
32
39
33
39
37
39
37
39
39
39
55
40
-96
40
-86
40
-80
40
-62
40
-54
40
-22
40
-6
40
3
40
4
40
10
40
27
40
27
40
30
40
35
40
50
40
61
40
62
40
71
40
77
40
80
41
-43
41
-34
41
2
41
21
41
26
41
35
41
42
41
48
41
66
41
93
42
-99
42
-73
42
-73
42
-70
42
-35
42
-15
42
-8
42
9
42
22
42
26
42
30
42
57
42
70
42
89
42
92
42
98
43
-79
43
-68
43
-67
43
-59
43
-46
43
-39
43
-31
43
-26
43
-11
43
-1
43
8
43
8
43
13
43
65
43
69
43
95
44
-83
44
-82
44
-68
44
-32
44
-31
44
-25
44
-24
44
-19
44
-18
44
-12
44
-7
44
39
44
41
44
73
44
76
44
76
44
82
45
-96
45
-94
45
-94
45
-92
45
-89
45
-74
45
-68
45
-62
45
-51
45
-50
45
-49
45
-47
45
-25
45
-10
45
6
45
8
45
15
45
29
45
39
45
41
45
44
45
81
46
-87
46
-82
46
-51
46
-35
46
-26
46
-14
46
-11
46
-11
46
11
46
39
46
41
46
42
46
60
46
66
46
97
47
-90
47
-67
47
-52
47
-40
47
5
47
8
47
33
47
39
47
58
47
68
47
82
47
91
47
98
48
-93
48
-80
48
-72
48
-63
48
-61
48
-60
48
-12
48
-7
48
-1
48
6
48
41
48
75
48
87
49
-59
49
-34
49
-31
49
-9
49
27
49
30
49
39
49
46
49
53
49
74
49
84
50
-54
50
-22
50
27
50
67
50
75
50
80
50
82
50
91
51
-80
51
-67
51
-62
51
-50
51
-49
51
-36
51
8
51
11
51
54
51
57
51
76
52
-96
52
-64
52
-52
52
-46
52
-40
52
-26
52
-23
52
32
52
41
52
74
52
82
52
83
52
86
52
89
52
90
53
-87
53
-72
53
-64
53
-32
53
-28
53
-21
53
-12
53
-8
53
-2
53
5
53
8
53
12
53
15
53
20
53
30
53
52
53
56
53
80
54
-90
54
-82
54
-76
54
-40
54
-34
54
-32
54
-22
54
0
54
4
54
14
54
14
54
51
54
63
54
84
55
-91
55
-69
55
-62
55
-51
55
-19
55
-4
55
1
55
8
55
14
55
30
55
74
55
79
55
96
56
-50
56
-47
56
-16
56
-4
56
6
56
24
56
29
56
60
56
61
56
68
56
92
57
-90
57
-88
57
-87
57
-70
57
-60
57
-54
57
-52
57
-47
57
-39
57
-32
57
2
57
16
57
20
57
31
57
83
58
-84
58
-78
58
-64
58
-53
58
-16
58
0
58
1
58
5
58
14
58
27
58
29
58
39
58
62
58
69
58
81
58
90
58
97
58
100
59
-99
59
-91
59
-77
59
-64
59
-61
59
-40
59
-35
59
-34
59
-19
59
20
59
26
59
30
59
67
59
74
59
89
59
93
60
-100
60
-84
60
-79
60
-74
60
-65
60
-62
60
-52
60
-40
60
-30
60
1
60
22
60
44
60
63
60
70
60
71
60
71
60
75
60
85
61
-86
61
-71
61
-70
61
-58
61
-45
61
-34
61
4
61
12
61
38
61
51
62
-64
62
-36
62
-22
62
-3
62
8
62
62
63
-75
63
-72
63
-58
63
-58
63
-57
63
-32
63
-24
63
-22
63
-16
63
-15
63
-15
63
-15
63
-11
63
16
63
16
63
27
63
30
63
35
63
46
63
60
63
86
64
-90
64
-75
64
-67
64
14
64
20
64
29
64
31
64
31
64
37
64
45
64
45
64
59
64
62
64
63
64
79
64
85
64
88
64
92
64
97
64
100
65
-93
65
-88
65
-86
65
-76
65
-76
65
-30
65
-6
65
11
65
17
65
78
65
90
65
95
66
-98
66
-94
66
-88
66
-88
66
-35
66
-29
66
-28
66
-23
66
-21
66
-11
66
-1
66
3
66
4
66
23
66
24
66
49
66
52
66
55
66
64
66
88
67
-81
67
-80
67
-72
67
-50
67
10
67
11
67
14
67
16
67
43
67
71
67
79
68
-61
68
-49
68
2
68
6
68
6
68
23
68
56
68
62
68
66
68
79
68
83
68
86
68
89
68
89
68
98
69
-65
69
-57
69
-47
69
-42
69
-39
69
-13
69
-5
69
6
69
13
69
22
69
23
69
27
69
49
69
54
69
82
69
86
70
-78
70
-72
70
-54
70
-48
70
-42
70
-22
70
0
70
0
70
24
70
34
70
40
70
42
70
49
70
58
70
65
71
-100
71
-90
71
-89
71
-62
71
-58
71
-57
71
-46
71
-45
71
-14
71
39
71
48
71
85
71
100
72
-76
72
-51
72
-51
72
-48
72
-33
72
-26
72
-24
72
-21
72
-1
72
28
72
42
72
56
72
65
72
87
73
-98
73
-96
73
-69
73
-63
73
-46
73
-32
73
-22
73
-18
73
-14
73
-7
73
27
73
55
73
57
73
76
73
79
73
93
73
94
74
-64
74
-43
74
-42
74
-30
74
-9
74
0
74
39
74
41
74
53
74
85
74
86
74
98
75
-86
75
-84
75
-84
75
-82
75
-78
75
-50
75
-1
75
-1
75
7
75
9
75
10
75
16
75
18
75
18
75
38
75
42
75
52
75
53
75
76
75
82
75
88
75
98
76
-92
76
-63
76
-61
76
-56
76
-54
76
-51
76
-36
76
-13
76
-12
76
-8
77
-98
77
-53
77
-21
77
-10
77
-4
77
35
77
47
77
53
77
62
77
63
77
68
78
-90
78
-62
78
-28
78
-1
78
-1
78
21
78
24
78
32
78
52
78
55
78
56
79
-81
79
-76
79
-74
79
-58
79
-55
79
-41
79
-39
79
-39
79
-9
79
9
79
31
79
42
79
46
79
49
79
49
79
57
79
57
79
81
79
95
80
-90
80
-85
80
-66
80
-50
80
-50
80
-40
80
-35
80
-20
80
5
80
9
80
25
80
27
80
44
80
47
80
51
80
52
80
61
80
61
80
87
80
88
81
-94
81
-76
81
-58
81
-35
81
-25
81
-7
81
-6
81
15
82
-78
82
-71
82
-65
82
-52
82
-41
82
-34
82
-33
82
-32
82
-19
82
-6
82
6
82
35
82
43
82
44
82
45
82
79
82
92
82
95
83
-92
83
-68
83
-50
83
-15
83
12
83
29
83
36
83
82
84
-68
84
-48
84
-43
84
-38
84
-18
84
-11
84
-5
84
0
84
1
84
3
84
8
84
26
84
28
84
41
84
52
84
68
84
69
84
78
84
100
85
-78
85
-74
85
42
85
49
85
50
85
66
85
73
85
80
86
-97
86
-97
86
-80
86
-77
86
-69
86
-67
86
-49
86
-44
86
-41
86
-38
86
-27
86
-13
86
-7
86
-1
86
11
86
28
86
44
86
46
86
61
86
68
86
85
86
91
87
-56
87
-9
87
0
87
22
87
27
87
48
87
52
87
71
87
78
88
-95
88
-89
88
-82
88
-76
88
-68
88
-41
88
-33
88
-7
88
11
88
40
88
47
89
-93
89
-88
89
-79
89
-66
89
-62
89
-54
89
-54
89
-39
89
-39
89
-37
89
-21
89
-11
89
57
89
59
89
82
89
83
89
95
90
-97
90
-92
90
-78
90
-61
90
-57
90
-48
90
-4
90
4
90
31
90
41
90
55
90
61
90
75
90
93
90
98
91
-96
91
-66
91
-65
91
-49
91
-38
91
-37
91
-34
91
-32
91
-21
91
-8
91
5
91
10
91
13
91
33
91
65
91
66
91
68
91
71
91
78
91
84
91
86
91
87
92
-43
92
-42
92
19
92
23
92
29
92
60
92
70
92
91
93
-96
93
-94
93
-90
93
-71
93
-53
93
-40
93
-38
93
-36
93
-35
93
2
93
3
93
13
93
15
93
47
93
59
93
69
93
74
93
82
93
87
94
-100
94
-96
94
-73
94
-65
94
-63
94
-60
94
-48
94
-36
94
-33
94
-29
94
-3
94
4
94
4
94
13
94
19
94
22
94
22
94
26
94
31
94
48
94
51
94
53
94
62
94
72
94
91
94
96
95
-89
95
-78
95
-70
95
-42
95
-34
95
-32
95
-16
95
-13
95
-11
95
-1
95
4
95
16
95
78
95
97
96
-94
96
-90
96
-68
96
-45
96
-43
96
-33
96
-6
96
0
96
10
96
20
96
21
96
28
96
50
96
56
96
56
96
64
97
-100
97
-96
97
-91
97
-66
97
-53
97
-50
97
-32
97
4
97
12
97
14
97
28
97
44
97
64
97
67
97
69
97
74
97
75
97
90
98
-80
98
-69
98
-65
98
-55
98
-43
98
-41
98
-39
98
-36
98
-36
98
-34
98
-2
98
11
98
15
98
37
98
45
98
62
98
66
99
-100
99
-82
99
-43
99
-11
99
-9
99
1
99
7
99
8
99
47
100
-95
100
-53
100
-49
100
-43
100
-28
100
-26
100
-16
100
-16
100
-4
100
-3
100
18
100
24
100
62
100
64
100
66
